Alt_Camp	44107	538	82
Alt_Emporda	140118	1357.5	103.2
Alt_Penedès	106275	592.7	179.3
Alt_Urgell	20548	1447.5	14.2
Alta_Ribagorça	3867	426.9	9.1
Anoia	117504	866.3	135.6
Aran	9930	633.6	15.7
Bages	174381	1092.3	159.7
Baix_Camp	188358	697.1	270.2
Baix_Ebre	78977	1002.7	78.8
Baix_Empordà	132598	701.7	189
Baix_Llobregat	809883	486	1666.5
Baix_Penedès	99813	296.4	336.7
Barcelonès	2232833	145.8	15319.6
Berguedà	39178	1185.3	33
Cerdanya	17704	546.7	32.4
Conca_de_Barberà	20220	650.2	31.1
Garraf	146876	185.1	793.5
Garrigues	19090	797.7	23.9
Garrotxa	55999	734.6	76.2
Gironès	186178	575.6	323.4
Maresme	441505	398.5	1107.8
Moianès	13209	337.9	39.1
Montsià	67646	735.4	92
Noguera	38955	1784.1	21.8
Osona	155641	1245.2	125
Pallars_Jussà	13453	1343.1	10
Pallars_Sobirà	6986	1377.9	5.1
Pla_d'Urgell	36711	305.1	120.3
Pla_de_l'Estany	31561	262.8	120.1
Priorat	9381	498.6	18.8
Ribera_d'Ebre	22471	827.3	27.2
Ripollès	25101	956.6	26.2
Segarra	22688	722.7	31.4
Segrià	208881	1396.7	149.6
Selva	167694	995	168.5
Solsonès	13313	1001.2	13.3
Tarragonès	249565	319.4	781.4
Terra_Alta	11761	743	15.8
Urgell	36059	579.7	62.2
Vallès_Occidental	904240	583.1	1550.7
Vallès_Oriental	401338	735	546
Comarques_Gironines	739249	5583.9	132.4
Camp_de_Tarragona	511631	2703.3	189.3
Terres_de_l'Ebre	180855	3308.4	54.7
Ponent	362384	5585.9	64.9
Comarques_Centrals	397144	4745.8	83.7
Alt_Pirineu_i_Aran	72488	5775.6	12.6
Penedès	465253	1940.6	239.8
